"Age"	"gender"	"attit"	"deep"	"surf"	"strat"	"Points"
"1"	53	"1"	3.7	3.58333333333333	2.58333333333333	3.375	25
"2"	55	"0"	3.1	2.91666666666667	3.16666666666667	2.75	12
"3"	49	"1"	2.5	3.5	2.25	3.625	24
"4"	53	"0"	3.5	3.5	2.25	3.125	10
"5"	49	"0"	3.7	3.66666666666667	2.83333333333333	3.625	22
"6"	38	"1"	3.8	4.75	2.41666666666667	3.625	21
"7"	50	"0"	3.5	3.83333333333333	1.91666666666667	2.25	21
"8"	37	"1"	2.9	3.25	2.83333333333333	4	31
"9"	37	"0"	3.8	4.33333333333333	2.16666666666667	4.25	24
"10"	42	"1"	2.1	4	3	3.5	26
"11"	37	"0"	3.9	3.58333333333333	2.66666666666667	3.625	31
"12"	34	"1"	3.8	3.83333333333333	2.41666666666667	4.75	31
"13"	34	"1"	2.4	4.25	2.25	3.625	23
"14"	34	"1"	3	3.33333333333333	2.75	3.5	25
"15"	35	"0"	2.6	4.16666666666667	2.33333333333333	1.75	21
"16"	33	"1"	4.1	3.66666666666667	2.33333333333333	3.875	31
"17"	32	"1"	2.6	4.08333333333333	2.91666666666667	1.375	20
"18"	44	"1"	2.6	3.5	2.5	3.25	22
"19"	29	"0"	1.7	4.08333333333333	3.75	3	9
"20"	30	"1"	2.7	4	2.75	3.75	24
"21"	27	"0"	3.9	3.91666666666667	2.33333333333333	2.625	28
"22"	29	"0"	3.4	4	2.41666666666667	2.375	30
"23"	31	"1"	2.7	4	3	3.625	24
"24"	37	"1"	2.3	3.66666666666667	2.41666666666667	2.75	9
"25"	26	"1"	3.7	3.66666666666667	2.83333333333333	1.75	26
"26"	26	"1"	4.4	4.41666666666667	3.16666666666667	3.25	32
"27"	30	"0"	4.1	3.91666666666667	3	4	32
"28"	33	"1"	3.7	3.75	2	3.625	33
"29"	33	"1"	2.5	3.25	3.5	2.875	29
"30"	28	"0"	3	3.58333333333333	3.75	3	30
"31"	26	"0"	3.4	4.91666666666667	2.5	1.625	19
"32"	27	"1"	3.2	3.58333333333333	2.08333333333333	3.25	23
"33"	25	"1"	2	2.91666666666667	2.41666666666667	3.5	19
"34"	31	"1"	2.4	3.66666666666667	2.58333333333333	3	12
"35"	20	"0"	4.2	4.5	1.58333333333333	3.25	10
"36"	39	"1"	1.6	4.08333333333333	2.83333333333333	1.875	11
"37"	38	"0"	3.1	3.83333333333333	1.83333333333333	4.375	20
"38"	24	"0"	3.8	3.25	2.41666666666667	3.625	26
"39"	26	"0"	3.8	2.33333333333333	3.25	2.5	31
"40"	25	"0"	3.3	3.33333333333333	3.41666666666667	1.25	20
"41"	30	"1"	1.7	4.08333333333333	3.41666666666667	4	23
"42"	25	"1"	2.5	2.91666666666667	3.16666666666667	3	12
"43"	30	"0"	3.2	3.33333333333333	3.5	2.5	24
"44"	48	"1"	3.5	3.83333333333333	2.66666666666667	4.875	17
"45"	24	"1"	3.2	3.66666666666667	2.41666666666667	5	29
"46"	40	"1"	4.2	4.66666666666667	3.58333333333333	4.375	23
"47"	25	"0"	3.1	3.75	2.08333333333333	3.25	28
"48"	23	"1"	3.9	3.41666666666667	3.75	4	31
"49"	25	"1"	1.9	4.16666666666667	2.91666666666667	3.125	23
"50"	23	"1"	2.1	2.91666666666667	2.91666666666667	2.5	25
"51"	27	"0"	2.5	4.16666666666667	2.41666666666667	3.125	18
"52"	25	"0"	3.2	3.58333333333333	3	3.25	19
"53"	23	"0"	3.2	2.83333333333333	3.41666666666667	2.125	22
"54"	23	"1"	2.6	4	2.91666666666667	2.75	25
"55"	23	"1"	2.3	2.91666666666667	3.25	2.375	21
"56"	45	"1"	3.8	3	3.25	3.125	9
"57"	22	"1"	2.8	4.08333333333333	2.33333333333333	4	28
"58"	23	"1"	3.3	2.91666666666667	3.25	4	25
"59"	21	"0"	4.8	3.5	2.5	2.25	29
"60"	21	"0"	4	4.33333333333333	1.75	3.25	33
"61"	21	"1"	4	4.25	2.25	3.625	33
"62"	21	"1"	4.7	3.41666666666667	2.08333333333333	3.625	25
"63"	26	"1"	2.3	3.08333333333333	2.83333333333333	2.5	18
"64"	25	"1"	3.1	4.58333333333333	2.83333333333333	1.875	22
"65"	26	"1"	2.7	3.41666666666667	2.41666666666667	2	17
"66"	21	"0"	4.1	3.41666666666667	2.25	1.875	25
"67"	23	"1"	3.4	3.41666666666667	2.83333333333333	4	28
"68"	22	"1"	2.5	3.58333333333333	2.25	2.875	22
"69"	22	"1"	2.1	1.58333333333333	1.83333333333333	3.875	26
"70"	22	"1"	1.4	3.33333333333333	2.91666666666667	2.5	11
"71"	23	"1"	1.9	4.33333333333333	2.91666666666667	2.75	29
"72"	22	"0"	3.7	4.41666666666667	2.08333333333333	4.5	22
"73"	23	"0"	3.2	4.83333333333333	2.33333333333333	3.375	21
"74"	24	"0"	2.8	3.08333333333333	2.41666666666667	2.625	28
"75"	22	"1"	4.1	3	2.75	4.125	33
"76"	23	"1"	2.5	4.08333333333333	3.25	2.625	16
"77"	22	"0"	2.8	4.08333333333333	1.75	2.25	31
"78"	20	"0"	3.8	3.75	2.58333333333333	2.75	22
"79"	22	"0"	3.1	3.08333333333333	3.33333333333333	3	31
"80"	21	"0"	3.5	4.75	2.83333333333333	1.625	23
"81"	22	"1"	3.6	4.25	2.5	1.875	26
"82"	23	"1"	2.6	4.16666666666667	2.41666666666667	3.375	12
"83"	21	"0"	4.4	4.41666666666667	2.41666666666667	3.75	26
"84"	22	"0"	4.5	3.83333333333333	2.58333333333333	2.125	31
"85"	29	"0"	3.2	3.33333333333333	3	2.375	19
"86"	29	"1"	3.9	3.16666666666667	2	2.75	30
"87"	21	"1"	2.5	3.16666666666667	3.41666666666667	3.125	12
"88"	28	"0"	3.3	3.83333333333333	2.83333333333333	3.5	17
"89"	21	"1"	3.3	4.25	2.25	2.625	18
"90"	30	"1"	3	3.83333333333333	2.75	3.375	19
"91"	21	"1"	2.9	3.66666666666667	3.91666666666667	2.25	21
"92"	23	"0"	3.3	3.83333333333333	2.33333333333333	3	24
"93"	21	"1"	3.3	3.83333333333333	2.75	4	28
"94"	21	"1"	3.5	3.83333333333333	2.75	3.5	17
"95"	20	"1"	3.6	3.66666666666667	2.91666666666667	2.625	18
"96"	22	"0"	3.7	4.33333333333333	2.08333333333333	2.5	17
"97"	21	"0"	4.2	3.75	3.66666666666667	3.75	23
"98"	21	"0"	3.2	4.16666666666667	2.83333333333333	3.625	26
"99"	20	"1"	5	4	3.41666666666667	4.125	28
"100"	22	"0"	4.7	4	1.58333333333333	4.375	31
"101"	20	"1"	3.6	4.58333333333333	2.91666666666667	2.625	27
"102"	20	"1"	3.6	3.66666666666667	3	4	25
"103"	24	"0"	2.9	3.66666666666667	2.91666666666667	2.75	23
"104"	20	"1"	3.5	3.83333333333333	2.66666666666667	2.75	21
"105"	19	"1"	4	2.58333333333333	3	1.375	27
"106"	21	"1"	3.5	3.5	2.75	2.25	28
"107"	21	"1"	3.2	3.08333333333333	3.08333333333333	3.625	23
"108"	22	"1"	2.6	4.25	2.5	3.75	21
"109"	25	"1"	2	3.16666666666667	2.33333333333333	4	25
"110"	21	"1"	2.7	3.08333333333333	3	3.125	11
"111"	22	"1"	3.2	4.16666666666667	3	3.25	19
"112"	25	"1"	3.3	2.25	4	2.125	24
"113"	20	"1"	3.9	3.33333333333333	3.25	2.875	28
"114"	24	"0"	3.3	3.08333333333333	3.5	1.5	21
"115"	20	"1"	3	2.75	3.5	2.5	24
"116"	21	"0"	3.7	3.25	3.83333333333333	3.25	24
"117"	20	"1"	2.5	4	2.91666666666667	3.625	20
"118"	20	"1"	2.9	3.58333333333333	2.16666666666667	3.875	19
"119"	31	"0"	3.9	4.08333333333333	1.66666666666667	3.875	30
"120"	20	"1"	3.6	4.25	2.08333333333333	2.375	22
"121"	22	"1"	2.9	3.41666666666667	2.83333333333333	3	16
"122"	22	"1"	2.1	3.08333333333333	3.41666666666667	3.375	16
"123"	21	"0"	3.1	3.5	3.33333333333333	2.75	19
"124"	22	"0"	4	3.66666666666667	2.58333333333333	4.5	30
"125"	21	"1"	3.1	4.25	2.83333333333333	2.625	23
"126"	21	"1"	2.3	4.25	3.33333333333333	2.75	19
"127"	21	"1"	2.8	3.83333333333333	3	3.25	18
"128"	21	"1"	3.7	4.41666666666667	2.58333333333333	4.125	28
"129"	20	"1"	2.6	3.5	2.41666666666667	3.375	21
"130"	21	"1"	2.4	3.58333333333333	3.58333333333333	2.75	19
"131"	25	"1"	3	3.66666666666667	2.08333333333333	4.125	27
"132"	21	"0"	2.8	2.08333333333333	4.33333333333333	3.25	24
"133"	24	"1"	2.9	4.25	2.66666666666667	2.875	21
"134"	20	"1"	2.4	3.58333333333333	3	2.875	20
"135"	21	"0"	3.1	4	2.66666666666667	2.375	28
"136"	20	"1"	1.9	3.33333333333333	2.16666666666667	3.875	12
"137"	20	"1"	2	3.5	2.66666666666667	2.125	21
"138"	18	"1"	3.8	3.16666666666667	2.25	4	28
"139"	21	"1"	3.4	3.58333333333333	2.66666666666667	3.25	31
"140"	19	"1"	3.7	3.41666666666667	3.33333333333333	2.625	18
"141"	21	"1"	2.9	4.25	3.5	2.75	25
"142"	20	"1"	2.3	3.25	2.75	4	19
"143"	21	"0"	4.1	4.41666666666667	2	3	21
"144"	20	"1"	2.7	3.25	2.83333333333333	3.375	16
"145"	21	"1"	3.5	3.91666666666667	3.5	3.875	7
"146"	20	"1"	3.4	3.58333333333333	2.5	3.25	21
"147"	18	"1"	3.2	4.5	3.16666666666667	3.375	17
"148"	22	"0"	3.3	3.58333333333333	3.08333333333333	4.125	22
"149"	22	"1"	3.3	3.66666666666667	2.91666666666667	3.5	18
"150"	24	"0"	3.5	2.58333333333333	3.16666666666667	2	25
"151"	19	"1"	3.2	4.16666666666667	2.5	3.625	24
"152"	20	"1"	3.1	3.25	3.83333333333333	3.375	23
"153"	20	"1"	2.8	4.33333333333333	2.25	2.125	23
"154"	17	"1"	1.7	3.91666666666667	3.41666666666667	4.625	26
"155"	19	"0"	1.9	2.66666666666667	3.75	2.5	12
"156"	20	"1"	3.5	3.08333333333333	3	2.875	32
"157"	20	"1"	2.4	3.75	2.58333333333333	2.75	22
"158"	20	"1"	2.1	4.16666666666667	3.33333333333333	4	20
"159"	20	"1"	2.9	4.16666666666667	2.83333333333333	2.375	21
"160"	19	"1"	1.9	3.25	3	3.875	23
"161"	19	"1"	2	4.08333333333333	2.83333333333333	3.375	20
"162"	22	"1"	4.2	2.91666666666667	3.16666666666667	1.75	28
"163"	35	"0"	4.1	3.83333333333333	2.75	3	31
"164"	18	"1"	3.7	3.16666666666667	3.41666666666667	2.625	18
"165"	19	"1"	3.6	3.41666666666667	3	2.625	30
"166"	21	"0"	1.8	4.08333333333333	2.66666666666667	3.375	19
